7307
1178
4979
3383
6994
9043
6442
1268
5270
1089
762
3838
4248
2105
893
1592
1808
5628
7834
1998
2232
2996
358
3550
281
498
861
5943
1539
8837
6786
9041
1137
7437
5635
1709
443
1632
4113
4254
285
9917
2782
3847
1705
9120
2328
695
2009
9766
5573
1379
1143
561
719
1155
1056
8734
4594
8240
8166
4084
3971
1243
9910
6704
8212
9122
5930
5759
8069
5695
143
3147
9901
3649
1129
1738
5210
863
9573
131
2437
5946
7887
8291
1113
2610
1814
895
6181
4236
6365
5531
448
9763
7155
6586
8701
7533
3141
9479
640
191
4771
7491
175
6195
9088
2911
5484
1832
9021
6893
6738
651
5801
9458
9917
981
9858
2639
5151
3541
5503
496
3521
3648
5617
884
3271
9398
2902
1279
711
2038
544
2012
1835
7749
7750
1559
1813
4731
5786
874
9731
5454
7659
3302
3763
9027
635
9204
8440
9074
6084
2268
5981
7178
8950
7446
2729
485
8868
6688
964
4157
288
896
522
5119
4884
8106
3886
8687
50
787
1776
1932
5230
3334
8610
901
7115
951
4855
8764
371
103
7180
3258
5564
4776
2524
9875
1991
7202
2335
1932
6042
8981
979
5658
8320
6175
7950
1452
8447
9392
3410
3900
4187
4572
3138
7682
3177
8896
3380
2154
1766
5833
4728
7255
3081
3730
5512
4423
4359
3053
6783
441
1830
2388
6431
2797
1491
6431
206
7707
4056
5640
2577
4022
264
7998
9820
2914
7453
871
7640
3796
6500
3418
4486
1465
2807
3052
1956
7066
5356
5976
4525
6158
5356
6196
901
512
3430
5506
1718
7363
9172
8069
1860
8275
9263
3333
2152
4302
9487
5364
5899
7090
869
2161
1649
2345
8029
1069
3992
4051
9966
1981
2337
8018
3540
9535
4126
3324
3231
1536
6269
1724
5309
7565
2948
4874
2582
1800
1885
6476
807
3214
3828
3213
9537
1799
1359
8814
8482
3998
3933
6634
1541
4738
9714
6350
5286
2187
482
9064
2824
4161
8667
6255
5962
2905
3241
9187
2759
3361
7332
999
7693
7615
1740
3884
1697
3572
8088
8416
3120
3175
5963
7687
5193
496
8248
3944
5946
9057
6216
8876
9736
6220
4746
1650
2771
7985
2010
3287
1320
2246
2292
9124
7337
9645
122
6904
3211
224
4565
6695
110
5056
7209
7859
2706
5934
2252
523
4552
1865
521
4449
4327
7594
4127
0
432
9052
399
3629
931
5889
4358
6269
3379
2736
8567
616
1704
467
1774
7820
6836
5680
1136
5573
3161
4774
7062
9964
7656
1291
1692
782
2556
1363
4693
318
6249
7476
8033
1677
2623
3224
2146
4777
6980
978
4075
3908
3168
52
7258
5654
4362
1745
1383
869
5700
3934
1805
3077
2722
6527
5434
6187
7681
4879
8114
4086
7814
2511
2568
7744
4724
7459
5295
9456
7442
2506
6589
1748
9196
5165
4049
3758
5736
9529
1767
6028
7836
4608
9402
365
6431
188
4858
6752
1325
4230
4318
1407
9167
2998
5675
4380
5626
5004
1701
3739
1590
1647
5157
2417
8674
1796
1741
2619
5991
8737
7976
4945
7146
3954
5493
2028
213
2779
3253
4646
712
4239
4258
385
5260
8433
9827
2988
4857
3770
285
9057
2697
9546
6237
6434
8860
3602
2643
1349
1069
353
7569
6525
2340
637
2277
6891
9182
4388
242
2580
362
1236
9910
7749
8565
5128
3207
1045
2009
5940
6527
2698
2177
2467
922
5935
9840
4046
5630
9828
1667
4320
3819
2982
1124
4824
2978
9009
4896
7455
8394
9347
3163
7515
7041
9922
8003
2818
5872
8273
9506
6899
1394
4415
7272
7330
487
3601
1768
2562
3364
3793
2161
7400
9101
5382
641
5421
1845
6598
901
2308
4917
8745
2068
6877
9675
257
3404
825
2517
3239
2604
3535
9647
3655
597
638
5306
2654
3163
4548
1229
4211
8912
8703
431
7028
2562
7298
1382
2035
9956
7162
1658
657
2859
4625
2862
1800
4890
819
784
5055
2160
9775
4302
6794
3983
1249
1467
9633
2609
5213
6706
6210
1958
5230
5003
73
1393
2368
5116
2927
8500
9818
5106
1040
2457
7569
2672
1761
3491
5129
7414
6146
1860
4445
2166
8833
6784
1441
1395
1615
1521
197
4459
6311
8861
4637
7415
9980
5
207
368
8274
2191
3196
1924
864
9542
2947
6201
7044
9457
8435
3793
9479
993
1711
5535
2771
9263
311
457
8994
2453
3876
1247
9033
8091
8628
1371
4453
8566
5735
5481
1236
4204
872
3417
7176
6699
7808
4338
5943
2250
7768
4249
1334
6144
6174
6034
5768
900
2075
5895
5473
6948
434
2087
288
4570
9562
3520
5580
5612
1535
4288
206
3091
470
5528
336
1038
5168
690
4756
552
818
4981
8536
2263
1170
775
6376
7623
1604
9586
2533
3222
4486
7482
149
737
2152
9614
458
2511
7233
9948
7735
2156
5806
8842
8481
3577
6779
963
5634
9490
9319
6830
1220
4368
7075
7893
5612
2880
3356
3588
3269
6787
2153
4497
1151
7176
1766
8348
2262
695
2883
8342
7768
6687
7511
1351
5826
9859
3129
6346
3194
3408
1200
8044
66
5842
7465
9317
1419
8263
6905
4597
249
8756
3827
1219
9990
1990
7820
290
1945
9964
8350
1910
6712
5652
4106
8454
7131
8259
6209
3521
1747
8633
3973
4277
4603
132
7419
2462
1438
7348
9716
3949
425
3071
3100
3993
3058
4197
3154
3418
6538
183
9466
1347
671
4467
6463
191
468
1059
2285
1264
6997
5175
269
5828
6598
6288
3522
4073
1932
5695
8837
387
222
3741
7836
2955
3676
332
5728
7577
849
4046
8030
8374
9909
533
3342
1243
7222
9530
5283
8303
7113
2257
5074
7631
6667
653
1094
3614
4397
2544
9203
7295
3215
3142
1866
6496
9323
2307
317
5562
1302
2618
2884
8502
1619
464
8622
6466
6553
1616
1707
2692
1653
8319
1258
4799
8739
3475
4191
4340
7257
6352
872
2698
2452
6483
6063
1265
4408
2323
2354
2035
3794
4260
3298
5500
7152
